品种代码	品种名称	盈利数	总次数	胜率(%)	手续费(元)	净利润(元)	收益率(%)	年化收益率(%)	相对收益率α/β(%)	最大回撤(元)	最大回撤比(%)
------	综合统计	234	300	78.00	341914.06	221653621.59	63.69	10.30	55.48/40.43	167458.50	16.75
920204	沪江材料	2	2	100.00	3838.31	5371841.13	537.18	114.19	339.44/513.92	0.00	0.00
920346	威贸电子	2	2	100.00	3965.01	4582071.36	458.21	99.49	278.13/434.94	0.00	0.00
920000	XD安徽凤	2	3	66.00	7898.86	4343391.96	434.34	75.17	298.55/411.08	137830.50	2.51
920415	恒拓开源	2	3	66.00	3950.66	4183383.21	418.34	67.62	314.45/395.08	35438.50	3.54
920245	威博液压	2	3	66.00	3910.18	4038704.64	403.87	85.26	307.89/380.61	44954.06	4.50
920436	大地电气	2	3	66.00	4112.39	3956208.72	395.62	81.08	276.29/372.36	31360.19	3.14
920299	灿能电力	2	2	100.00	3585.50	3534636.62	353.46	82.02	227.72/330.20	0.00	0.00
920971	天马新材	1	1	100.00	1849.24	3496965.26	349.70	87.19	339.06/326.43	0.00	0.00
920475	三友科技	2	2	100.00	2948.18	3373547.01	337.35	54.53	250.09/314.09	0.00	0.00
920943	优机股份	2	2	100.00	3237.17	3080376.14	308.04	72.12	198.15/284.77	0.00	0.00
920871	派特尔	2	3	66.00	3986.39	3059468.17	305.95	72.94	208.98/282.68	58604.50	5.86
920263	中航泰达	3	3	100.00	3906.53	3047146.63	304.71	49.26	211.30/281.45	0.00	0.00
920010	凯添燃气	2	4	50.00	4356.50	2902222.28	290.22	46.91	223.58/266.96	59864.81	5.99
920964	润农节水	2	4	50.00	4465.54	2813684.83	281.37	45.48	239.17/258.11	40008.50	3.09
920770	艾能聚	1	1	100.00	1638.21	2793723.29	279.37	77.78	273.02/256.11	0.00	0.00
920689	克莱特	2	2	100.00	3068.54	2769135.14	276.91	61.11	191.47/253.65	0.00	0.00
920395	朗鸿科技	2	2	100.00	2937.69	2691455.93	269.15	65.93	191.78/245.88	0.00	0.00
920932	科达自控	3	3	100.00	3618.44	2689646.86	268.96	55.12	198.52/245.70	0.00	0.00
920278	鹿得医疗	2	2	100.00	2982.26	2680823.49	268.08	43.33	188.12/244.82	0.00	0.00
920275	驱动力	2	3	66.00	3493.92	2668160.91	266.82	46.93	206.50/243.55	48522.50	4.85
920396	常辅股份	2	2	100.00	3233.16	2665220.78	266.52	45.37	183.98/243.26	0.00	0.00
920260	中寰股份	2	4	50.00	4428.49	2447548.87	244.75	50.16	184.39/221.49	61645.25	6.16
920580	科创新材	2	4	50.00	6762.17	2425649.55	242.56	55.30	199.22/219.30	141262.25	3.96
920145	恒合股份	2	3	66.00	3659.20	2415576.61	241.56	49.51	175.57/218.29	2758.75	0.28
920433	大唐药业	2	2	100.00	2976.88	2301262.30	230.13	37.20	164.87/206.86	0.00	0.00
920039	国义招标	2	3	66.00	3795.34	2292370.78	229.24	44.74	166.98/205.97	799.63	0.08
920030	德众汽车	2	2	100.00	2771.78	2291009.85	229.10	39.17	167.45/205.84	0.00	0.00
920856	浩淼科技	2	2	100.00	2744.07	2290230.74	229.02	39.67	167.37/205.76	0.00	0.00
920553	凯腾精工	3	4	75.00	6367.84	2177001.74	217.70	42.22	174.31/194.44	120978.00	3.67
920267	鑫汇科	2	2	100.00	2662.12	2073708.32	207.37	47.69	153.07/184.11	0.00	0.00
920726	朱老六	1	1	100.00	1398.52	1995001.98	199.50	37.28	194.12/176.24	0.00	0.00
920075	柏星龙	1	1	100.00	1396.33	1987707.79	198.77	52.35	191.91/175.51	0.00	0.00
920407	驰诚股份	1	1	100.00	1372.35	1907782.03	190.78	52.63	183.31/167.52	0.00	0.00
920873	中设咨询	2	2	100.00	2451.69	1843716.19	184.37	37.79	148.23/161.11	0.00	0.00
920857	泓禧科技	2	2	100.00	2889.01	1820521.87	182.05	39.65	148.60/158.79	0.00	0.00
920122	中纺标	1	1	100.00	1342.82	1809387.93	180.94	45.11	185.81/157.68	0.00	0.00
920370	新安洁	2	3	66.00	3124.93	1798583.58	179.86	29.07	150.81/156.60	13990.31	1.40
920252	天宏锂电	1	1	100.00	1337.83	1792766.55	179.28	48.44	171.62/156.01	0.00	0.00
920527	夜光明	2	3	66.00	4916.04	1768597.87	176.86	45.02	138.67/153.60	120220.00	4.16
920885	星辰科技	1	2	50.00	2058.35	1595955.04	159.60	30.48	158.14/136.33	25329.88	2.53
920455	汇隆活塞	1	1	100.00	1271.01	1570107.11	157.01	47.84	149.94/133.75	0.00	0.00
920765	美之高	2	2	100.00	2467.63	1566433.34	156.64	29.87	130.58/133.38	0.00	0.00
920720	吉冈精密	2	2	100.00	2098.80	1554105.66	155.41	32.01	149.50/132.15	0.00	0.00
920855	浙江大农	1	1	100.00	1255.81	1519439.82	151.94	40.45	145.71/128.68	0.00	0.00
920985	海泰新能	1	1	100.00	1250.77	1502647.36	150.26	36.23	143.80/127.00	0.00	0.00
920675	秉扬科技	3	4	75.00	4084.05	1480913.40	148.09	25.69	138.13/124.83	125171.00	9.39
920171	志晟信息	1	2	50.00	2007.11	1471894.83	147.19	30.17	164.19/123.93	42845.19	4.28
920169	七丰精工	1	1	100.00	1239.84	1466229.91	146.62	32.85	143.14/123.36	0.00	0.00
920227	美登科技	1	1	100.00	1233.22	1444186.03	144.42	38.42	138.49/121.16	0.00	0.00
920198	微创光电	1	2	50.00	2008.28	1428294.71	142.83	23.09	156.07/119.57	25022.56	2.50
920566	梓橦宫	2	2	100.00	2316.40	1404139.00	140.41	27.33	113.49/117.15	0.00	0.00
920781	瑞奇智造	1	1	100.00	1213.49	1378413.01	137.84	36.62	127.17/114.58	0.00	0.00
920351	华光源海	1	1	100.00	1209.32	1364543.68	136.45	36.33	129.55/113.19	0.00	0.00
920725	惠丰钻石	1	1	100.00	1205.79	1352752.96	135.28	32.17	131.09/112.01	0.00	0.00
920414	欧普泰	1	1	100.00	1201.21	1337519.54	133.75	35.17	130.25/110.49	0.00	0.00
920914	远航精密	2	2	100.00	2170.86	1305613.83	130.56	33.58	114.60/107.30	0.00	0.00
920006	晟楠科技	1	2	50.00	1928.24	1282112.62	128.21	37.98	144.08/104.95	70235.25	7.02
920146	华阳变速	1	1	100.00	1175.33	1251258.80	125.13	24.05	133.07/101.86	0.00	0.00
920896	旺成科技	1	1	100.00	1171.75	1239342.00	123.93	35.87	120.21/100.67	0.00	0.00
920304	迪尔化工	1	1	100.00	1170.00	1233503.50	123.35	35.68	114.76/100.09	0.00	0.00
920970	大禹生物	2	2	100.00	2712.11	1228219.30	122.82	28.09	123.52/99.56	0.00	0.00
920247	华密新材	1	1	100.00	1155.24	1184326.13	118.43	31.39	114.71/95.17	0.00	0.00
920961	创远信科	1	2	50.00	1926.19	1170695.46	117.07	18.92	118.80/93.81	30997.56	3.10
920556	雅达股份	1	1	100.00	1146.86	1156409.26	115.64	32.62	109.69/92.38	0.00	0.00
920445	龙竹科技	1	2	50.00	1922.34	1154300.12	115.43	18.66	113.41/92.17	29668.88	2.97
920792	东和新材	1	3	33.00	3647.42	1140517.57	114.05	32.50	116.12/90.79	16716.00	1.67
920821	则成电子	1	1	100.00	1138.16	1127403.21	112.74	26.60	119.97/89.48	0.00	0.00
920802	保丽洁	1	1	100.00	1136.30	1121189.83	112.12	30.70	104.91/88.86	0.00	0.00
920541	铁大科技	1	1	100.00	1133.35	1111383.65	111.14	31.18	107.62/87.88	0.00	0.00
920371	欧福蛋业	1	1	100.00	1132.93	1109969.82	111.00	29.97	99.28/87.73	0.00	0.00
920662	方盛股份	1	1	100.00	1131.11	1103912.02	110.39	28.74	103.46/87.13	0.00	0.00
920779	武汉蓝电	1	1	100.00	1125.44	1085016.56	108.50	32.51	110.84/85.24	0.00	0.00
920807	奔朗新材	1	2	50.00	1868.97	1082216.24	108.22	28.62	113.06/84.96	69351.69	6.94
920641	格利尔	1	1	100.00	1122.45	1075058.67	107.51	28.07	100.51/84.24	0.00	0.00
920992	中科美菱	1	1	100.00	1121.68	1072492.57	107.25	27.13	101.53/83.99	0.00	0.00
920230	欧康医药	1	1	100.00	1111.44	1038363.37	103.84	27.25	94.93/80.57	0.00	0.00
920273	一致魔芋	1	2	50.00	1837.47	1035551.15	103.56	28.68	112.98/80.29	91224.81	9.12
920717	瑞星股份	1	1	100.00	1109.06	1030445.44	103.04	31.71	96.11/79.78	0.00	0.00
920491	奥迪威	1	1	100.00	1108.36	1028079.83	102.81	23.92	91.55/79.55	0.00	0.00
920892	广咨国际	1	1	100.00	1107.88	1026497.19	102.65	20.83	96.69/79.39	0.00	0.00
920809	安达科技	1	1	100.00	1104.38	1014823.50	101.48	28.76	95.90/78.22	0.00	0.00
920242	建邦科技	1	1	100.00	1103.65	1012394.98	101.24	16.37	97.50/77.98	0.00	0.00
920425	乐创技术	1	2	50.00	1822.74	1004695.51	100.47	27.37	107.37/77.21	98066.56	9.81
920405	海希通讯	1	1	100.00	1101.00	1003586.12	100.36	20.45	93.14/77.10	0.00	0.00
920152	昆工科技	1	1	100.00	1099.44	998395.56	99.84	24.46	95.63/76.58	0.00	0.00
920608	丰安股份	1	1	100.00	1095.41	984950.90	98.50	25.98	91.56/75.23	0.00	0.00
920378	泰德股份	1	1	100.00	1094.13	980673.50	98.07	22.90	90.85/74.80	0.00	0.00
920651	天罡股份	1	1	100.00	1091.87	973132.95	97.31	29.80	98.75/74.05	0.00	0.00
920505	九菱科技	1	1	100.00	1091.22	970969.53	97.10	25.70	98.93/73.83	0.00	0.00
920946	森萱医药	2	2	100.00	2140.73	968883.89	96.89	15.66	79.52/73.63	0.00	0.00
920639	晨光电缆	3	4	75.00	4441.56	962697.74	96.27	22.80	90.42/73.01	99613.88	8.51
920634	新威凌	1	1	100.00	1088.55	962095.82	96.21	24.98	89.71/72.95	0.00	0.00
920175	东方碳素	1	1	100.00	1087.06	957137.81	95.71	29.38	96.98/72.45	0.00	0.00
920339	恒太照明	1	2	50.00	1820.52	956119.57	95.61	24.70	99.87/72.35	82619.75	8.26
920212	智新电子	1	2	50.00	1863.82	952329.38	95.23	17.91	93.84/71.97	27057.94	2.71
920270	天铭科技	1	1	100.00	1085.23	951030.64	95.10	23.31	91.57/71.84	0.00	0.00
920508	殷图网联	1	1	100.00	1082.33	941360.17	94.14	15.22	102.05/70.87	0.00	0.00
920599	同力股份	2	2	100.00	1977.63	934242.38	93.42	16.66	87.91/70.16	0.00	0.00
920419	路斯股份	1	1	100.00	1078.05	927112.01	92.71	20.34	85.77/69.45	0.00	0.00
920950	迅安科技	1	1	100.00	1074.04	913741.64	91.37	24.54	87.84/68.11	0.00	0.00
920957	汉维科技	1	1	100.00	1066.29	887910.52	88.79	23.38	75.00/65.53	0.00	0.00
920195	三祥科技	1	1	100.00	1064.15	880765.85	88.08	23.47	84.54/64.81	0.00	0.00
920344	三元基因	2	2	100.00	2103.76	872499.30	87.25	15.22	75.24/63.99	0.00	0.00
920418	苏轴股份	1	1	100.00	1060.62	869009.32	86.90	14.05	79.95/63.64	0.00	0.00
920694	中裕科技	2	3	66.00	3864.43	858633.66	85.86	24.95	75.18/62.60	45319.25	2.38
920509	同惠电子	1	2	50.00	1739.27	852584.72	85.26	14.90	109.31/62.00	145350.13	14.54
920926	鸿智科技	1	1	100.00	1048.14	827427.48	82.74	26.26	75.51/59.48	0.00	0.00
920942	恒立钻具	1	1	100.00	1047.88	826566.00	82.66	21.67	75.71/59.39	0.00	0.00
920062	科润智控	1	1	100.00	1045.69	819258.75	81.93	19.42	77.51/58.66	0.00	0.00
920087	秋乐种业	1	1	100.00	1045.37	818191.44	81.82	21.44	83.64/58.56	0.00	0.00
920834	三维装备	1	1	100.00	1044.93	816726.57	81.67	19.87	82.93/58.41	0.00	0.00
920663	明阳科技	1	1	100.00	1044.03	813720.35	81.37	22.92	74.42/58.11	0.00	0.00
920718	合肥高科	1	1	100.00	1043.72	812687.72	81.27	21.53	74.04/58.01	0.00	0.00
920422	润普食品	1	1	100.00	1043.54	812078.34	81.21	22.63	73.98/57.95	0.00	0.00
920670	数字人	1	1	100.00	1041.69	805935.81	80.59	13.85	73.36/57.33	0.00	0.00
920810	春光智能	1	1	100.00	1040.43	801724.57	80.17	21.14	68.78/56.91	0.00	0.00
920046	亿能电力	1	1	100.00	1035.19	784284.37	78.43	19.77	86.51/55.17	0.00	0.00
920826	盖世食品	1	1	100.00	1032.53	775384.35	77.54	13.55	84.54/54.28	0.00	0.00
920504	博迅生物	1	1	100.00	1029.82	766389.62	76.64	24.52	69.40/53.38	0.00	0.00
920682	球冠电缆	1	3	33.00	2541.31	755099.22	75.51	12.21	84.29/52.25	68562.94	6.86
920057	百甲科技	1	1	100.00	1023.26	744522.30	74.45	20.95	75.87/51.19	0.00	0.00
920729	永顺生物	2	3	66.00	3346.51	738727.21	73.87	11.94	66.21/50.61	24531.25	1.39
920895	花溪科技	1	1	100.00	1020.90	736670.35	73.67	21.11	66.43/50.40	0.00	0.00
920839	万通液压	1	1	100.00	1020.82	736395.24	73.64	12.48	82.73/50.38	0.00	0.00
920179	凯德石英	1	3	33.00	2478.34	704929.73	70.49	15.40	86.70/47.23	128537.81	12.85
920014	特瑞斯	1	1	100.00	1010.83	703120.35	70.31	18.50	64.70/47.05	0.00	0.00
920837	华原股份	1	1	100.00	1005.27	684579.60	68.46	20.23	78.18/45.20	0.00	0.00
920832	齐鲁华信	1	1	100.00	1004.20	681006.24	68.10	12.15	60.86/44.84	0.00	0.00
920089	禾昌聚合	2	2	100.00	1886.76	676164.63	67.62	13.81	58.64/44.35	0.00	0.00
920274	宏裕包材	1	1	100.00	1001.19	670958.19	67.10	21.48	60.13/43.83	0.00	0.00
920300	辰光医疗	1	1	100.00	998.21	661038.85	66.10	17.32	59.08/42.84	0.00	0.00
920640	富士达	1	3	33.00	2425.22	660371.91	66.04	10.67	87.64/42.77	167458.50	16.75
920110	雷特科技	1	2	50.00	2343.52	654394.78	65.44	17.13	71.99/42.18	30118.50	1.79
920489	佳先股份	1	1	100.00	995.42	651739.33	65.17	10.54	74.31/41.91	0.00	0.00
920870	恒进感应	1	1	100.00	994.80	649678.20	64.97	15.32	57.72/41.71	0.00	0.00
920974	凯大催化	1	1	100.00	992.85	643171.46	64.32	18.02	57.07/41.05	0.00	0.00
920092	汉鑫科技	1	2	50.00	1773.98	636244.32	63.62	13.04	60.76/40.36	20783.56	2.08
920578	巨能股份	1	1	100.00	988.64	629170.61	62.92	18.55	66.66/39.65	0.00	0.00
920392	佳合科技	1	1	100.00	987.86	626554.33	62.66	16.69	63.81/39.39	0.00	0.00
920735	德源药业	3	3	100.00	2694.37	625121.85	62.51	11.13	50.48/39.25	0.00	0.00
920367	新赣江	1	2	50.00	1697.54	608211.82	60.82	16.69	62.48/37.56	105830.94	10.58
920519	万德股份	1	2	50.00	2352.47	598764.38	59.88	19.65	57.62/36.61	117773.38	6.86
920879	基康技术	1	1	100.00	979.08	597300.35	59.73	15.80	56.17/36.47	0.00	0.00
920261	一诺威	2	3	66.00	3483.09	594042.86	59.40	16.98	54.30/36.14	23530.50	1.45
920429	康比特	1	1	100.00	978.02	593756.54	59.38	15.65	55.60/36.11	0.00	0.00
920394	民士达	1	1	100.00	969.24	564532.32	56.45	16.42	57.80/33.19	0.00	0.00
920642	通易航天	1	1	100.00	965.32	551461.24	55.15	10.75	50.24/31.88	0.00	0.00
920221	易实精密	1	1	100.00	959.66	532580.84	53.26	16.05	49.70/30.00	0.00	0.00
920271	邦德股份	1	1	100.00	958.28	528003.59	52.80	12.19	45.55/29.54	0.00	0.00
920174	五新智能	1	1	100.00	954.40	515073.32	51.51	10.06	47.73/28.24	0.00	0.00
920478	峆一药业	1	1	100.00	952.99	510347.04	51.03	14.15	43.78/27.77	0.00	0.00
920866	绿亨科技	1	2	50.00	1668.59	489011.69	48.90	12.83	50.71/25.64	97313.13	9.73
920208	青矩技术	1	1	100.00	945.04	483846.90	48.38	14.84	52.29/25.12	0.00	0.00
920476	海能技术	3	3	100.00	3091.27	464242.88	46.42	11.71	51.53/23.16	0.00	0.00
920906	舜宇精工	1	1	100.00	934.61	449095.39	44.91	12.45	39.99/21.65	0.00	0.00
920471	美邦科技	1	1	100.00	933.62	445816.22	44.58	13.28	46.38/21.32	0.00	0.00
920266	生物谷	1	1	100.00	928.72	429491.87	42.95	6.94	33.99/19.69	0.00	0.00
920225	利通科技	1	1	100.00	920.59	402384.26	40.24	7.19	41.37/16.98	0.00	0.00
920357	雅葆轩	1	1	100.00	915.99	387080.01	38.71	10.01	33.79/15.45	0.00	0.00
920427	华维设计	1	1	100.00	909.27	364683.70	36.47	6.45	37.85/13.21	0.00	0.00
920685	新芝生物	1	2	50.00	2003.41	338241.62	33.82	8.51	37.13/10.56	39625.25	2.88
920523	德瑞锂电	1	1	100.00	895.89	320080.30	32.01	6.00	39.10/8.75	0.00	0.00
920576	天力复合	1	1	100.00	895.30	318113.05	31.81	9.87	31.38/8.55	0.00	0.00
920017	星昊医药	2	3	66.00	2668.62	315943.92	31.59	9.46	30.87/8.33	89288.94	8.93
920768	拾比佰	3	3	100.00	2717.20	281400.58	28.14	5.35	37.33/4.88	0.00	0.00
920981	晶赛科技	1	1	100.00	880.18	267757.19	26.78	5.49	33.86/3.51	0.00	0.00
920925	锦好医疗	2	4	50.00	3369.09	214280.04	21.43	4.34	16.46/-1.83	63568.94	6.36
920799	艾融软件	1	1	100.00	846.31	154872.16	15.49	2.50	22.57/-7.78	0.00	0.00
920033	康普化学	1	1	100.00	842.56	142393.91	14.24	3.77	15.55/-9.02	0.00	0.00
920402	硅烷科技	1	1	100.00	825.12	84259.83	8.43	2.10	13.72/-14.84	0.00	0.00
920679	前进科技	1	2	50.00	1693.00	58905.88	5.89	2.04	9.03/-17.37	35669.88	3.26
920239	长虹能源	1	1	100.00	811.59	39168.42	3.92	0.69	6.57/-19.35	0.00	0.00
920819	颖泰生物	1	2	50.00	1591.23	29354.70	2.94	0.47	8.92/-20.33	21576.94	2.16
920924	广脉科技	1	1	100.00	802.27	8102.03	0.81	0.16	3.46/-22.45	0.00	0.00
920496	许昌智能	1	1	100.00	800.99	3852.17	0.39	0.14	1.22/-22.88	0.00	0.00
920001	纬达光电	0	0	0.00	0.00	0.00	0.00	0.00	0.00/-23.26	0.00	0.00
920002	万达轴承	0	0	0.00	0.00	0.00	0.00	0.00	0.00/-23.26	0.00	0.00
920003	中诚咨询	0	0	0.00	0.00	0.00	0.00	0.00	0.00/-23.26	0.00	0.00
920005	鼎佳精密	0	0	0.00	0.00	0.00	0.00	0.00	0.00/-23.26	0.00	0.00
920007	酉立智能	0	0	0.00	0.00	0.00	0.00	0.00	0.00/-23.26	0.00	0.00
920008	成电光信	0	0	0.00	0.00	0.00	0.00	0.00	0.00/-23.26	0.00	0.00
920009	丹娜生物	0	0	0.00	0.00	0.00	0.00	0.00	0.00/-23.26	0.00	0.00
920011	晨光电机	0	0	0.00	0.00	0.00	0.00	0.00	0.00/-23.26	0.00	0.00
920012	创达新材	0	0	0.00	0.00	0.00	0.00	0.00	0.00/-23.26	0.00	0.00
920015	锦华新材	0	0	0.00	0.00	0.00	0.00	0.00	0.00/-23.26	0.00	0.00
920016	中草香料	0	0	0.00	0.00	0.00	0.00	0.00	0.00/-23.26	0.00	0.00
920018	宏远股份	0	0	0.00	0.00	0.00	0.00	0.00	0.00/-23.26	0.00	0.00
920019	铜冠矿建	0	0	0.00	0.00	0.00	0.00	0.00	0.00/-23.26	0.00	0.00
920020	泰凯英	0	0	0.00	0.00	0.00	0.00	0.00	0.00/-23.26	0.00	0.00
920022	世昌股份	0	0	0.00	0.00	0.00	0.00	0.00	0.00/-23.26	0.00	0.00
920023	*ST田野	0	0	0.00	0.00	0.00	0.00	0.00	0.00/-23.26	0.00	0.00
920025	凯达重工	0	0	0.00	0.00	0.00	0.00	0.00	0.00/-23.26	0.00	0.00
920026	卓兆点胶	0	0	0.00	0.00	0.00	0.00	0.00	0.00/-23.26	0.00	0.00
920027	交大铁发	0	0	0.00	0.00	0.00	0.00	0.00	0.00/-23.26	0.00	0.00
920028	新恒泰	0	0	0.00	0.00	0.00	0.00	0.00	0.00/-23.26	0.00	0.00
920029	开发科技	0	0	0.00	0.00	0.00	0.00	0.00	0.00/-23.26	0.00	0.00
920035	精创电气	0	0	0.00	0.00	0.00	0.00	0.00	0.00/-23.26	0.00	0.00
920036	觅睿科技	0	0	0.00	0.00	0.00	0.00	0.00	0.00/-23.26	0.00	0.00
920037	广信科技	0	0	0.00	0.00	0.00	0.00	0.00	0.00/-23.26	0.00	0.00
920038	森合高科	0	0	0.00	0.00	0.00	0.00	0.00	0.00/-23.26	0.00	0.00
920045	蘅东光	0	0	0.00	0.00	0.00	0.00	0.00	0.00/-23.26	0.00	0.00
920047	诺思兰德	0	0	0.00	0.00	0.00	0.00	0.00	0.00/-23.26	0.00	0.00
920050	爱伦医疗	0	0	0.00	0.00	0.00	0.00	0.00	0.00/-23.26	0.00	0.00
920055	隆源股份	0	0	0.00	0.00	0.00	0.00	0.00	0.00/-23.26	0.00	0.00
920056	能之光	0	0	0.00	0.00	0.00	0.00	0.00	0.00/-23.26	0.00	0.00
920058	华洋赛车	0	0	0.00	0.00	0.00	0.00	0.00	0.00/-23.26	0.00	0.00
920059	双英集团	0	0	0.00	0.00	0.00	0.00	0.00	0.00/-23.26	0.00	0.00
920060	万源通	0	0	0.00	0.00	0.00	0.00	0.00	0.00/-23.26	0.00	0.00
920061	西磁科技	0	0	0.00	0.00	0.00	0.00	0.00	0.00/-23.26	0.00	0.00
920065	千岸科技	0	0	0.00	0.00	0.00	0.00	0.00	0.00/-23.26	0.00	0.00
920066	科拜尔	0	0	0.00	0.00	0.00	0.00	0.00	0.00/-23.26	0.00	0.00
920068	天工股份	0	0	0.00	0.00	0.00	0.00	0.00	0.00/-23.26	0.00	0.00
920069	普昂医疗	0	0	0.00	0.00	0.00	0.00	0.00	0.00/-23.26	0.00	0.00
920071	金钛股份	0	0	0.00	0.00	0.00	0.00	0.00	0.00/-23.26	0.00	0.00
920072	XD科莱瑞	0	0	0.00	0.00	0.00	0.00	0.00	0.00/-23.26	0.00	0.00
920076	国亮新材	0	0	0.00	0.00	0.00	0.00	0.00	0.00/-23.26	0.00	0.00
920078	族兴新材	0	0	0.00	0.00	0.00	0.00	0.00	0.00/-23.26	0.00	0.00
920079	乔路铭	0	0	0.00	0.00	0.00	0.00	0.00	0.00/-23.26	0.00	0.00
920080	奥美森	0	0	0.00	0.00	0.00	0.00	0.00	0.00/-23.26	0.00	0.00
920081	欧伦电气	0	0	0.00	0.00	0.00	0.00	0.00	0.00/-23.26	0.00	0.00
920082	方正阀门	0	0	0.00	0.00	0.00	0.00	0.00	0.00/-23.26	0.00	0.00
920083	金戈新材	0	0	0.00	0.00	0.00	0.00	0.00	0.00/-23.26	0.00	0.00
920086	科马材料	0	0	0.00	0.00	0.00	0.00	0.00	0.00/-23.26	0.00	0.00
920088	科力股份	0	0	0.00	0.00	0.00	0.00	0.00	0.00/-23.26	0.00	0.00
920090	*ST同辉	0	0	0.00	0.00	0.00	0.00	0.00	0.00/-23.26	0.00	0.00
920091	大鹏工业	0	0	0.00	0.00	0.00	0.00	0.00	0.00/-23.26	0.00	0.00
920093	信胜科技	0	0	0.00	0.00	0.00	0.00	0.00	0.00/-23.26	0.00	0.00
920096	嘉晨智能	0	0	0.00	0.00	0.00	0.00	0.00	0.00/-23.26	0.00	0.00
920098	科隆新材	0	0	0.00	0.00	0.00	0.00	0.00	0.00/-23.26	0.00	0.00
920100	三协电机	0	0	0.00	0.00	0.00	0.00	0.00	0.00/-23.26	0.00	0.00
920101	志高机械	0	0	0.00	0.00	0.00	0.00	0.00	0.00/-23.26	0.00	0.00
920106	林泰新材	0	0	0.00	0.00	0.00	0.00	0.00	0.00/-23.26	0.00	0.00
920107	恒兴股份	0	0	0.00	0.00	0.00	0.00	0.00	0.00/-23.26	0.00	0.00
920108	宏海科技	0	0	0.00	0.00	0.00	0.00	0.00	0.00/-23.26	0.00	0.00
920111	聚星科技	0	0	0.00	0.00	0.00	0.00	0.00	0.00/-23.26	0.00	0.00
920112	巴兰仕	0	0	0.00	0.00	0.00	0.00	0.00	0.00/-23.26	0.00	0.00
920116	星图测控	0	0	0.00	0.00	0.00	0.00	0.00	0.00/-23.26	0.00	0.00
920117	龙鑫智能	0	0	0.00	0.00	0.00	0.00	0.00	0.00/-23.26	0.00	0.00
920118	太湖远大	0	0	0.00	0.00	0.00	0.00	0.00	0.00/-23.26	0.00	0.00
920119	美德乐	0	0	0.00	0.00	0.00	0.00	0.00	0.00/-23.26	0.00	0.00
920121	江天科技	0	0	0.00	0.00	0.00	0.00	0.00	0.00/-23.26	0.00	0.00
920123	芭薇股份	0	0	0.00	0.00	0.00	0.00	0.00	0.00/-23.26	0.00	0.00
920124	南特科技	0	0	0.00	0.00	0.00	0.00	0.00	0.00/-23.26	0.00	0.00
920125	鸿仕达	0	0	0.00	0.00	0.00	0.00	0.00	0.00/-23.26	0.00	0.00
920126	永大股份	0	0	0.00	0.00	0.00	0.00	0.00	0.00/-23.26	0.00	0.00
920128	胜业电气	0	0	0.00	0.00	0.00	0.00	0.00	0.00/-23.26	0.00	0.00
920130	立方控股	0	0	0.00	0.00	0.00	0.00	0.00	0.00/-23.26	0.00	0.00
920132	泰鹏智能	0	0	0.00	0.00	0.00	0.00	0.00	0.00/-23.26	0.00	0.00
920136	永励精密	0	0	0.00	0.00	0.00	0.00	0.00	0.00/-23.26	0.00	0.00
920138	杰理科技	0	0	0.00	0.00	0.00	0.00	0.00	0.00/-23.26	0.00	0.00
920139	华岭股份	0	0	0.00	0.00	0.00	0.00	0.00	0.00/-23.26	0.00	0.00
920149	旭杰科技	0	0	0.00	0.00	0.00	0.00	0.00	0.00/-23.26	0.00	0.00
920156	海昌智能	0	0	0.00	0.00	0.00	0.00	0.00	0.00/-23.26	0.00	0.00
920158	长江能科	0	0	0.00	0.00	0.00	0.00	0.00	0.00/-23.26	0.00	0.00
920159	农大科技	0	0	0.00	0.00	0.00	0.00	0.00	0.00/-23.26	0.00	0.00
920160	北矿检测	0	0	0.00	0.00	0.00	0.00	0.00	0.00/-23.26	0.00	0.00
920161	龙辰科技	0	0	0.00	0.00	0.00	0.00	0.00	0.00/-23.26	0.00	0.00
920165	珈凯生物	0	0	0.00	0.00	0.00	0.00	0.00	0.00/-23.26	0.00	0.00
920166	海圣医疗	0	0	0.00	0.00	0.00	0.00	0.00	0.00/-23.26	0.00	0.00
920168	通宝光电	0	0	0.00	0.00	0.00	0.00	0.00	0.00/-23.26	0.00	0.00
920176	维琪科技	0	0	0.00	0.00	0.00	0.00	0.00	0.00/-23.26	0.00	0.00
920177	恒道科技	0	0	0.00	0.00	0.00	0.00	0.00	0.00/-23.26	0.00	0.00
920178	锐翔智能	0	0	0.00	0.00	0.00	0.00	0.00	0.00/-23.26	0.00	0.00
920180	爱得科技	0	0	0.00	0.00	0.00	0.00	0.00	0.00/-23.26	0.00	0.00
920181	赛英电子	0	0	0.00	0.00	0.00	0.00	0.00	0.00/-23.26	0.00	0.00
920183	海菲曼	0	0	0.00	0.00	0.00	0.00	0.00	0.00/-23.26	0.00	0.00
920185	贝特瑞	0	0	0.00	0.00	0.00	0.00	0.00	0.00/-23.26	0.00	0.00
920186	XD中科仪	0	0	0.00	0.00	0.00	0.00	0.00	0.00/-23.26	0.00	0.00
920187	通领科技	0	0	0.00	0.00	0.00	0.00	0.00	0.00/-23.26	0.00	0.00
920188	悦龙科技	0	0	0.00	0.00	0.00	0.00	0.00	0.00/-23.26	0.00	0.00
920189	康美特	0	0	0.00	0.00	0.00	0.00	0.00	0.00/-23.26	0.00	0.00
920190	雷神科技	0	0	0.00	0.00	0.00	0.00	0.00	0.00/-23.26	0.00	0.00
920191	瑞尔竞达	0	0	0.00	0.00	0.00	0.00	0.00	0.00/-23.26	0.00	0.00
920193	吉和昌	0	0	0.00	0.00	0.00	0.00	0.00	0.00/-23.26	0.00	0.00
920199	倍益康	0	0	0.00	0.00	0.00	0.00	0.00	0.00/-23.26	0.00	0.00
920200	振宏股份	0	0	0.00	0.00	0.00	0.00	0.00	0.00/-23.26	0.00	0.00
920201	百瑞吉	0	0	0.00	0.00	0.00	0.00	0.00	0.00/-23.26	0.00	0.00
920202	安达股份	0	0	0.00	0.00	0.00	0.00	0.00	0.00/-23.26	0.00	0.00
920206	彩客科技	0	0	0.00	0.00	0.00	0.00	0.00	0.00/-23.26	0.00	0.00
920207	众诚科技	0	0	0.00	0.00	0.00	0.00	0.00	0.00/-23.26	0.00	0.00
920211	新睿电子	0	0	0.00	0.00	0.00	0.00	0.00	0.00/-23.26	0.00	0.00
920218	新天力	0	0	0.00	0.00	0.00	0.00	0.00	0.00/-23.26	0.00	0.00
920220	朗信电气	0	0	0.00	0.00	0.00	0.00	0.00	0.00/-23.26	0.00	0.00
920222	XD益坤电	0	0	0.00	0.00	0.00	0.00	0.00	0.00/-23.26	0.00	0.00
920229	世纪数码	0	0	0.00	0.00	0.00	0.00	0.00	0.00/-23.26	0.00	0.00
920237	力佳科技	0	0	0.00	0.00	0.00	0.00	0.00	0.00/-23.26	0.00	0.00
920238	长鹰硬科	0	0	0.00	0.00	0.00	0.00	0.00	0.00/-23.26	0.00	0.00
920249	利尔达	0	0	0.00	0.00	0.00	0.00	0.00	0.00/-23.26	0.00	0.00
920258	聚仁新材	0	0	0.00	0.00	0.00	0.00	0.00	0.00/-23.26	0.00	0.00
920262	太湖雪	0	0	0.00	0.00	0.00	0.00	0.00	0.00/-23.26	0.00	0.00
920268	百迈科	0	0	0.00	0.00	0.00	0.00	0.00	0.00/-23.26	0.00	0.00
920269	杰锋动力	0	0	0.00	0.00	0.00	0.00	0.00	0.00/-23.26	0.00	0.00
920284	灵鸽科技	0	0	0.00	0.00	0.00	0.00	0.00	0.00/-23.26	0.00	0.00
920288	华大海天	0	0	0.00	0.00	0.00	0.00	0.00	0.00/-23.26	0.00	0.00
920289	华汇智能	0	0	0.00	0.00	0.00	0.00	0.00	0.00/-23.26	0.00	0.00
920298	腾信精密	0	0	0.00	0.00	0.00	0.00	0.00	0.00/-23.26	0.00	0.00
920363	莱赛激光	0	0	0.00	0.00	0.00	0.00	0.00	0.00/-23.26	0.00	0.00
920368	连城数控	0	0	0.00	0.00	0.00	0.00	0.00	0.00/-23.26	0.00	0.00
920374	云里物里	0	0	0.00	0.00	0.00	0.00	0.00	0.00/-23.26	0.00	0.00
920375	派诺科技	0	0	0.00	0.00	0.00	0.00	0.00	0.00/-23.26	0.00	0.00
920403	康农种业	0	0	0.00	0.00	0.00	0.00	0.00	0.00/-23.26	0.00	0.00
920438	戈碧迦	0	0	0.00	0.00	0.00	0.00	0.00	0.00/-23.26	0.00	0.00
920454	同心传动	0	0	0.00	0.00	0.00	0.00	0.00	0.00/-23.26	0.00	0.00
920469	富恒新材	0	0	0.00	0.00	0.00	0.00	0.00	0.00/-23.26	0.00	0.00
920493	并行科技	0	0	0.00	0.00	0.00	0.00	0.00	0.00/-23.26	0.00	0.00
920522	纳科诺尔	0	0	0.00	0.00	0.00	0.00	0.00	0.00/-23.26	0.00	0.00
920526	凯华材料	0	0	0.00	0.00	0.00	0.00	0.00	0.00/-23.26	0.00	0.00
920533	骏创科技	0	0	0.00	0.00	0.00	0.00	0.00	0.00/-23.26	0.00	0.00
920547	无锡晶海	0	0	0.00	0.00	0.00	0.00	0.00	0.00/-23.26	0.00	0.00
920564	天润科技	0	0	0.00	0.00	0.00	0.00	0.00	0.00/-23.26	0.00	0.00
920570	坤博精工	0	0	0.00	0.00	0.00	0.00	0.00	0.00/-23.26	0.00	0.00
920571	国航远洋	0	0	0.00	0.00	0.00	0.00	0.00	0.00/-23.26	0.00	0.00
920575	*ST康乐	0	0	0.00	0.00	0.00	0.00	0.00	0.00/-23.26	0.00	0.00
920579	机科股份	0	0	0.00	0.00	0.00	0.00	0.00	0.00/-23.26	0.00	0.00
920592	华信永道	0	0	0.00	0.00	0.00	0.00	0.00	0.00/-23.26	0.00	0.00
920593	鼎智科技	0	0	0.00	0.00	0.00	0.00	0.00	0.00/-23.26	0.00	0.00
920627	力王股份	0	0	0.00	0.00	0.00	0.00	0.00	0.00/-23.26	0.00	0.00
920656	海昇药业	0	0	0.00	0.00	0.00	0.00	0.00	0.00/-23.26	0.00	0.00
920665	科强股份	0	0	0.00	0.00	0.00	0.00	0.00	0.00/-23.26	0.00	0.00
920690	捷众科技	0	0	0.00	0.00	0.00	0.00	0.00	0.00/-23.26	0.00	0.00
920693	阿为特	0	0	0.00	0.00	0.00	0.00	0.00	0.00/-23.26	0.00	0.00
920701	豪声电子	0	0	0.00	0.00	0.00	0.00	0.00	0.00/-23.26	0.00	0.00
920706	铁拓机械	0	0	0.00	0.00	0.00	0.00	0.00	0.00/-23.26	0.00	0.00
920719	宁新新材	0	0	0.00	0.00	0.00	0.00	0.00	0.00/-23.26	0.00	0.00
920748	路桥信息	0	0	0.00	0.00	0.00	0.00	0.00	0.00/-23.26	0.00	0.00
920751	惠同新材	0	0	0.00	0.00	0.00	0.00	0.00	0.00/-23.26	0.00	0.00
920753	天纺标	0	0	0.00	0.00	0.00	0.00	0.00	0.00/-23.26	0.00	0.00
920786	骑士乳业	0	0	0.00	0.00	0.00	0.00	0.00	0.00/-23.26	0.00	0.00
920790	联迪信息	0	0	0.00	0.00	0.00	0.00	0.00	0.00/-23.26	0.00	0.00
920806	云星宇	0	0	0.00	0.00	0.00	0.00	0.00	0.00/-23.26	0.00	0.00
920808	曙光数创	0	0	0.00	0.00	0.00	0.00	0.00	0.00/-23.26	0.00	0.00
920833	美心翼申	0	0	0.00	0.00	0.00	0.00	0.00	0.00/-23.26	0.00	0.00
920876	慧为智能	0	0	0.00	0.00	0.00	0.00	0.00	0.00/-23.26	0.00	0.00
920931	无锡鼎邦	0	0	0.00	0.00	0.00	0.00	0.00	0.00/-23.26	0.00	0.00
920953	国子软件	0	0	0.00	0.00	0.00	0.00	0.00	0.00/-23.26	0.00	0.00
920976	视声智能	0	0	0.00	0.00	0.00	0.00	0.00	0.00/-23.26	0.00	0.00
920978	开特股份	0	0	0.00	0.00	0.00	0.00	0.00	0.00/-23.26	0.00	0.00
920982	锦波生物	0	0	0.00	0.00	0.00	0.00	0.00	0.00/-23.26	0.00	0.00
920021	流金科技	0	1	0.00	795.78	-13528.32	-1.35	-0.22	-0.71/-24.62	13528.31	1.35
920699	海达尔	0	1	0.00	794.38	-18162.79	-1.82	-0.53	-0.51/-25.08	18162.75	1.82
920099	瑞华技术	0	1	0.00	790.96	-29578.21	-2.96	-1.46	-2.08/-26.22	29578.19	2.96
920703	广厦环能	0	1	0.00	790.72	-30357.69	-3.04	-1.07	0.88/-26.30	30357.69	3.04
920510	丰光精密	0	1	0.00	790.05	-32611.92	-3.26	-0.57	-1.66/-26.52	32611.94	3.26
920163	方大新材	0	1	0.00	788.43	-38013.59	-3.80	-0.61	-0.73/-27.06	38013.63	3.80
920184	国源科技	0	1	0.00	787.93	-39678.90	-3.97	-0.64	-2.37/-27.23	39678.88	3.97
920223	荣亿精密	0	1	0.00	787.23	-42003.67	-4.20	-0.97	-1.77/-27.46	42003.69	4.20
920077	吉林碳谷	0	1	0.00	780.46	-64585.07	-6.46	-1.27	-6.11/-29.72	64585.06	6.46
920167	同享科技	0	2	0.00	1536.36	-77814.74	-7.78	-1.26	-2.43/-31.04	77814.75	7.78
